0.00 31.3 141
1.00 36.0 0
2.00 31.9 0
3.00 33.3 0
4.00 32.6 0
5.00 33.2 0
6.00 37.0 0
7.00 39.1 1
8.00 39.8 0
9.00 39.8 0
10.00 39.4 250
11.00 39.1 0
12.00 36.9 0
13.00 36.4 0
14.00 36.4 0
15.00 36.3 0
16.00 36.3 0
17.00 36.4 0
18.00 36.3 0
19.00 36.3 0
20.00 36.3 0
21.00 36.3 0
22.00 36.4 0
23.00 36.2 0
24.00 36.4 0
25.00 36.3 0
26.00 36.3 0
27.00 36.3 0
28.00 37.2 0
29.00 37.2 0
30.00 37.1 0
31.00 36.1 485
32.00 37.7 0
33.00 37.4 0
34.00 37.7 0
35.00 35.6 0
36.00 37.5 0
37.00 36.6 0
38.00 36.6 1
39.00 36.5 3
40.00 36.5 2
41.00 36.5 0
42.00 36.6 0
43.00 34.4 0
44.00 35.9 0
